Beginning method ARMAtoMA() 
leaving method ARMAtoMA() 
mean N = 42.6875, no years = 16, no ages = 19
weight = 1.4989
weight = 1.42574
weight = 1.19286
weight = 1.08893
weight = 0.857899
weight = 0.963322
weight = 0.906043
weight = 1.05988
weight = 1.19286
weight = 1.03305
weight = 0.914882
weight = 0.933367
weight = 0.850598
weight = 0.973967
weight = 0.933367
weight = 0.84348
about to enter getRho(), n_phi = 1 0.2
entering GetRho()
0.2 0.04 0.008 0.0016 0.00032 6.4e-005 1.28e-005 2.56e-006 5.12e-007 1.024e-007 2.048e-008 4.096e-009 8.192e-010 1.6384e-010 3.2768e-011 6.5536e-012 1.31072e-012 2.62144e-013 


Check out rho vector0.2 0.04 0.008 0.0016 0.00032 6.4e-005 1.28e-005 2.56e-006 5.12e-007 1.024e-007 2.048e-008 4.096e-009 8.192e-010 1.6384e-010 3.2768e-011 6.5536e-012 1.31072e-012 2.62144e-013 
printing covar = 
0.16 0.032 0.0064 0.00128 0.000256 5.12e-005 1.024e-005 2.048e-006 4.096e-007 8.192e-008 1.6384e-008 3.2768e-009 6.5536e-010 1.31072e-010 2.62144e-011 5.24288e-012 1.04858e-012 2.09715e-013 4.1943e-014 
0.032 0.16 0.032 0.0064 0.00128 0.000256 5.12e-005 1.024e-005 2.048e-006 4.096e-007 8.192e-008 1.6384e-008 3.2768e-009 6.5536e-010 1.31072e-010 2.62144e-011 5.24288e-012 1.04858e-012 2.09715e-013 
0.0064 0.032 0.16 0.032 0.0064 0.00128 0.000256 5.12e-005 1.024e-005 2.048e-006 4.096e-007 8.192e-008 1.6384e-008 3.2768e-009 6.5536e-010 1.31072e-010 2.62144e-011 5.24288e-012 1.04858e-012 
0.00128 0.0064 0.032 0.16 0.032 0.0064 0.00128 0.000256 5.12e-005 1.024e-005 2.048e-006 4.096e-007 8.192e-008 1.6384e-008 3.2768e-009 6.5536e-010 1.31072e-010 2.62144e-011 5.24288e-012 
0.000256 0.00128 0.0064 0.032 0.16 0.032 0.0064 0.00128 0.000256 5.12e-005 1.024e-005 2.048e-006 4.096e-007 8.192e-008 1.6384e-008 3.2768e-009 6.5536e-010 1.31072e-010 2.62144e-011 
5.12e-005 0.000256 0.00128 0.0064 0.032 0.16 0.032 0.0064 0.00128 0.000256 5.12e-005 1.024e-005 2.048e-006 4.096e-007 8.192e-008 1.6384e-008 3.2768e-009 6.5536e-010 1.31072e-010 
1.024e-005 5.12e-005 0.000256 0.00128 0.0064 0.032 0.16 0.032 0.0064 0.00128 0.000256 5.12e-005 1.024e-005 2.048e-006 4.096e-007 8.192e-008 1.6384e-008 3.2768e-009 6.5536e-010 
2.048e-006 1.024e-005 5.12e-005 0.000256 0.00128 0.0064 0.032 0.16 0.032 0.0064 0.00128 0.000256 5.12e-005 1.024e-005 2.048e-006 4.096e-007 8.192e-008 1.6384e-008 3.2768e-009 
4.096e-007 2.048e-006 1.024e-005 5.12e-005 0.000256 0.00128 0.0064 0.032 0.16 0.032 0.0064 0.00128 0.000256 5.12e-005 1.024e-005 2.048e-006 4.096e-007 8.192e-008 1.6384e-008 
8.192e-008 4.096e-007 2.048e-006 1.024e-005 5.12e-005 0.000256 0.00128 0.0064 0.032 0.16 0.032 0.0064 0.00128 0.000256 5.12e-005 1.024e-005 2.048e-006 4.096e-007 8.192e-008 
1.6384e-008 8.192e-008 4.096e-007 2.048e-006 1.024e-005 5.12e-005 0.000256 0.00128 0.0064 0.032 0.16 0.032 0.0064 0.00128 0.000256 5.12e-005 1.024e-005 2.048e-006 4.096e-007 
3.2768e-009 1.6384e-008 8.192e-008 4.096e-007 2.048e-006 1.024e-005 5.12e-005 0.000256 0.00128 0.0064 0.032 0.16 0.032 0.0064 0.00128 0.000256 5.12e-005 1.024e-005 2.048e-006 
6.5536e-010 3.2768e-009 1.6384e-008 8.192e-008 4.096e-007 2.048e-006 1.024e-005 5.12e-005 0.000256 0.00128 0.0064 0.032 0.16 0.032 0.0064 0.00128 0.000256 5.12e-005 1.024e-005 
1.31072e-010 6.5536e-010 3.2768e-009 1.6384e-008 8.192e-008 4.096e-007 2.048e-006 1.024e-005 5.12e-005 0.000256 0.00128 0.0064 0.032 0.16 0.032 0.0064 0.00128 0.000256 5.12e-005 
2.62144e-011 1.31072e-010 6.5536e-010 3.2768e-009 1.6384e-008 8.192e-008 4.096e-007 2.048e-006 1.024e-005 5.12e-005 0.000256 0.00128 0.0064 0.032 0.16 0.032 0.0064 0.00128 0.000256 
5.24288e-012 2.62144e-011 1.31072e-010 6.5536e-010 3.2768e-009 1.6384e-008 8.192e-008 4.096e-007 2.048e-006 1.024e-005 5.12e-005 0.000256 0.00128 0.0064 0.032 0.16 0.032 0.0064 0.00128 
1.04858e-012 5.24288e-012 2.62144e-011 1.31072e-010 6.5536e-010 3.2768e-009 1.6384e-008 8.192e-008 4.096e-007 2.048e-006 1.024e-005 5.12e-005 0.000256 0.00128 0.0064 0.032 0.16 0.032 0.0064 
2.09715e-013 1.04858e-012 5.24288e-012 2.62144e-011 1.31072e-010 6.5536e-010 3.2768e-009 1.6384e-008 8.192e-008 4.096e-007 2.048e-006 1.024e-005 5.12e-005 0.000256 0.00128 0.0064 0.032 0.16 0.032 
4.1943e-014 2.09715e-013 1.04858e-012 5.24288e-012 2.62144e-011 1.31072e-010 6.5536e-010 3.2768e-009 1.6384e-008 8.192e-008 4.096e-007 2.048e-006 1.024e-005 5.12e-005 0.000256 0.00128 0.0064 0.032 0.16 
Entering mat_multiply() method
rows of x = 19 rows of y = 19
Entering mat_multiply() method
rows of x = 19 rows of y = 19
Size of Kmat =19 size of t_kmat= 19
printing Vmat = 
0.32 0.192 0.1664 0.16128 0.160256 0.160051 0.16001 0.160002 0.16 0.16 0.16 0.159998 0.15999 0.159949 0.159744 0.15872 0.1536 0.128 
0.192 0.32 0.192 0.1664 0.16128 0.160256 0.160051 0.16001 0.160002 0.16 0.16 0.159998 0.15999 0.159949 0.159744 0.15872 0.1536 0.128 
0.1664 0.192 0.32 0.192 0.1664 0.16128 0.160256 0.160051 0.16001 0.160002 0.16 0.159998 0.15999 0.159949 0.159744 0.15872 0.1536 0.128 
0.16128 0.1664 0.192 0.32 0.192 0.1664 0.16128 0.160256 0.160051 0.16001 0.160002 0.159998 0.15999 0.159949 0.159744 0.15872 0.1536 0.128 
0.160256 0.16128 0.1664 0.192 0.32 0.192 0.1664 0.16128 0.160256 0.160051 0.16001 0.16 0.15999 0.159949 0.159744 0.15872 0.1536 0.128 
0.160051 0.160256 0.16128 0.1664 0.192 0.32 0.192 0.1664 0.16128 0.160256 0.160051 0.160008 0.159992 0.159949 0.159744 0.15872 0.1536 0.128 
0.16001 0.160051 0.160256 0.16128 0.1664 0.192 0.32 0.192 0.1664 0.16128 0.160256 0.160049 0.16 0.159951 0.159744 0.15872 0.1536 0.128 
0.160002 0.16001 0.160051 0.160256 0.16128 0.1664 0.192 0.32 0.192 0.1664 0.16128 0.160254 0.160041 0.159959 0.159746 0.15872 0.1536 0.128 
0.16 0.160002 0.16001 0.160051 0.160256 0.16128 0.1664 0.192 0.32 0.192 0.1664 0.161278 0.160246 0.16 0.159754 0.158722 0.1536 0.128 
0.16 0.16 0.160002 0.16001 0.160051 0.160256 0.16128 0.1664 0.192 0.32 0.192 0.166398 0.16127 0.160205 0.159795 0.15873 0.153602 0.128 
0.16 0.16 0.16 0.160002 0.16001 0.160051 0.160256 0.16128 0.1664 0.192 0.319999 0.191998 0.166389 0.161228 0.16 0.158771 0.15361 0.128002 
0.159998 0.159998 0.159998 0.159998 0.16 0.160008 0.160049 0.160254 0.161278 0.166398 0.191998 0.319996 0.191988 0.166347 0.161022 0.158974 0.153649 0.128008 
0.15999 0.15999 0.15999 0.15999 0.15999 0.159992 0.16 0.160041 0.160246 0.16127 0.166389 0.191988 0.31998 0.191939 0.166134 0.15999 0.153846 0.128041 
0.159949 0.159949 0.159949 0.159949 0.159949 0.159949 0.159951 0.159959 0.16 0.160205 0.161228 0.166347 0.191939 0.319898 0.191693 0.165069 0.154829 0.128205 
0.159744 0.159744 0.159744 0.159744 0.159744 0.159744 0.159744 0.159746 0.159754 0.159795 0.16 0.161022 0.166134 0.191693 0.319488 0.190464 0.159744 0.129024 
0.15872 0.15872 0.15872 0.15872 0.15872 0.15872 0.15872 0.15872 0.158722 0.15873 0.158771 0.158974 0.15999 0.165069 0.190464 0.31744 0.18432 0.13312 
0.1536 0.1536 0.1536 0.1536 0.1536 0.1536 0.1536 0.1536 0.1536 0.153602 0.15361 0.153649 0.153846 0.154829 0.159744 0.18432 0.3072 0.1536 
0.128 0.128 0.128 0.128 0.128 0.128 0.128 0.128 0.128 0.128 0.128002 0.128008 0.128041 0.128205 0.129024 0.13312 0.1536 0.256 
18 18


















total log obs = -1128.3 determinant of inverted mat = 2.94432e-014 initial score = -1112.9
Beginning method ARMAtoMA() 
leaving method ARMAtoMA() 
-2.294 -0.304831 -0.119801 -0.791581 0.23107 0.459835 0.466912 0.864498 0.503931 0.644196 1.19887 -0.0493569 0.553545 -3.92876 0.495321 0.435163 0.661059 -3.14091 
3.98768 3.84604 4.21341 3.20204 4.12606 4.49613 5.07363 5.54548 4.24602 5.36724 4.38097 4.65295 4.6433 4.06709 4.21432 0.488299 0.809719 1.01051 
-1.52072 -0.563869 0.0851184 0.29 0.554998 0.187597 0.860105 0.249739 0.0888059 0.232225 0.680511 0.15866 0.32019 -0.11363 -0.364353 -4.23164 -0.325971 0.0484852 
0.68045 1.37888 1.56956 0.143341 -0.199818 1.56416 1.29737 1.75336 1.42782 0.80279 0.673765 1.83279 1.55378 1.55957 1.69793 1.92416 1.98979 0.874973 
-0.406527 -0.217651 -0.320362 -0.563867 -0.474386 -0.920272 -1.33086 -0.14225 -0.28941 0.00410686 -0.354497 -0.788268 -0.137278 0.393993 -1.55763 -0.223833 -0.520738 -2.46611 
-0.281686 0.65736 -0.0614701 -0.423008 -0.146959 -0.391853 0.249675 -0.521345 0.184973 0.523728 0.719699 0.66405 0.814872 0.734172 -0.611293 1.16392 0.700721 -3.52737 
-0.896964 0.628772 -0.144016 0.0333671 0.108376 -0.0988526 0.178929 0.489216 0.0701438 0.282968 0.254428 0.565511 0.955987 -0.212299 0.949267 -0.421995 0.0983171 1.23864 
-0.0414144 0.741541 0.587754 0.274916 0.789545 1.03318 0.454039 -0.0785716 0.37188 0.212487 0.70416 0.00435165 -0.589745 0.351368 -3.28609 -2.98487 1.07773 1.05637 
-2.53555 -0.942746 -0.741006 -0.795481 -0.299967 -0.122453 -0.684826 -0.12561 -1.20842 -1.23456 -0.620541 -0.701261 -0.310409 -0.515659 -0.220091 -0.410049 -0.186933 -3.60168 
-1.1127 -0.179662 0.302038 0.411853 -0.0631871 0.0825357 0.110825 0.275159 -0.914395 0.543854 0.0982689 -1.02092 -0.364451 -1.27466 -1.76809 -1.24297 -1.69922 -1.35829 
2.06177 1.67728 1.75187 1.77263 2.00965 2.25906 2.22541 2.54767 1.96226 2.44424 2.48403 1.29714 2.15023 -2.4152 1.71852 2.14381 2.0554 -0.934903 
0.650261 0.106214 0.439251 0.550107 0.958957 1.05633 0.988188 0.885336 0.725225 1.11208 0.714945 1.16056 0.693022 0.451055 0.953015 -0.538832 0.662758 -2.31025 
-0.570733 -0.638218 -0.957022 -1.41693 -1.16074 -0.600811 -1.29571 -1.42658 -1.61634 -1.42344 -1.59928 -0.557013 -1.36127 -1.48113 -0.601264 -0.866374 -4.34927 -2.0843 
1.13095 0.722315 0.0919377 -0.893549 -1.27466 -0.499726 -0.0942976 -0.537 -0.239024 -0.556638 -0.844532 0.06115 -0.729313 0.651041 -3.81809 -0.668515 -3.23217 -2.88386 
-2.47611 -0.74378 -0.81528 -0.993942 -1.16575 -1.29917 -0.676752 -0.160874 -0.646348 -0.695958 -0.553587 -0.882196 -0.930909 -0.897561 0.00109559 -0.0379172 -1.14561 -0.731951 
0.0609866 0.518597 0.40782 -0.126151 -0.166097 -0.0987073 -0.0219682 0.346589 0.338643 -0.253835 -0.120826 0.100261 0.0594059 -0.912008 -0.849852 0.869393 0.547691 1.19165 
temp3 = 0.222548 temp2 243.91 current NLL -1105.46
temp3 = 0.245974 temp2 258.387 current NLL -1051.17
temp3 = 0.351391 temp2 137.614 current NLL -987.618
temp3 = 0.421669 temp2 48.3308 current NLL -939.262
temp3 = 0.679356 temp2 56.7028 current NLL -918.883
temp3 = 0.538799 temp2 127.038 current NLL -880.361
temp3 = 0.609078 temp2 35.6319 current NLL -811.913
temp3 = 0.445095 temp2 153.625 current NLL -790.21
temp3 = 0.351391 temp2 102.427 current NLL -721.832
temp3 = 0.468521 temp2 58.0449 current NLL -685.841
temp3 = 0.597365 temp2 193.065 current NLL -658.645
temp3 = 0.573939 temp2 73.5769 current NLL -543.315
temp3 = 0.691069 temp2 96.4494 current NLL -501.086
temp3 = 0.527086 temp2 199.18 current NLL -434.433
temp3 = 0.573939 temp2 36.5615 current NLL -329.448
temp3 = 0.702782 temp2 28.4397 current NLL -308.464
--------------------------------------
Negative loglikelihood----------------
--------------------------------------
-288.477
about to enter getRho(), n_phi = 1 0.2
entering GetRho()
0.2 0.04 0.008 0.0016 0.00032 6.4e-005 1.28e-005 2.56e-006 5.12e-007 1.024e-007 2.048e-008 4.096e-009 8.192e-010 1.6384e-010 3.2768e-011 6.5536e-012 1.31072e-012 2.62144e-013 


Check out rho vector0.2 0.04 0.008 0.0016 0.00032 6.4e-005 1.28e-005 2.56e-006 5.12e-007 1.024e-007 2.048e-008 4.096e-009 8.192e-010 1.6384e-010 3.2768e-011 6.5536e-012 1.31072e-012 2.62144e-013 
